[ "1A" [ 0  0  1  2  3  3] [ 0  0  1  1  4  4] [ 3  3  0  5  4  4] [ 7  7  6  0  0  1] [ 6  3  4  4  8  1]]
[ "1B" [ 9  9 10 11 12 12] [13 14 11 11 15 12] [15 15 13 14 11 13] [15 15 10 10 12 12] [15 15 12 16 13 13]]
[ "1C" [17 17 18 19 14 19] [20 20 21 21 22 22] [20 20 22 21 18 18] [23 23 24 20 20 17] [17 20 21 14  7  7]]
[ "1D" [25 25 26 27 27  8] [27 25 28 28  9  9] [18 29  6 29 27 27] [29 28 28  6  6 18] [28 28 29 26 30 30]]
[ "2A" [31  5  3 17 31 31] [17 17  3 20 20  6] [32  5  5 17 31 31] [ 3  3 20 17 17 32] [20 32  8  6  6 17]]
[ "2B" [ 8 14 33 33 34 34] [35 34 15 15 21 21] [16 36 35 36 15 15] [21 16 15 15 36 36] [14 16 15 36 21 36]]
[ "2C" [10 37 37 38 39 39] [24 24 20 29 38 40] [ 7  7 37 37 20 20] [40 40 29 14 14 39] [38 38 10 40 14 37]]
[ "2D" [26 26 41 41 17 17] [25 26 17 42 28 43] [17 28 41 41 28 28] [28 25 17 42  9  9] [42 42 17 17 25 25]]
[ "3A" [32 31  6  8  5  5] [32 31 44 44 30 30] [45 31 30 30  7  7] [45 45 30 32 44 30] [30 31  6 30 45 45]]
[ "3B" [46 46 14 14 40 40] [15 15 46 47 40 41] [46 46 16 15 14 14] [48 48 40 41 16 16] [ 8 41  9  9 41 46]]
[ "3C" [39 39 25 25 42 42] [42 29 14 39 46 46] [39 39 46 46 29 14] [24 24 29 19 39 25] [46 46 45 25 42 39]]
[ "3D" [38 38 21 21 25 25] [28 28 38 38 44 44] [28 26 21 28 21 25] [ 8  8 26 43 38 44] [ 9  9 38 38 43 21]]