[ "1A" [ 0  0 1  2   3  3] [ 0  0  1  1  4  4] [ 3  3 47  0  4  4] [ 7  7  6  0  0  1] [ 6  3  4 24  1  1]]
[ "1B" [ 9  9 10 11 12 12] [13 43 11 11 15 12] [15 15 13 43 11 13] [15 15 10 10 12 12] [15 15 13 13 16 12]]
[ "1C" [17 17 18 13 19 19] [20 20 13 13 22 22] [13 20 22 20 18 18] [23 23 24 20 20 17] [17 20 14 14  7  7]]
[ "1D" [16 16 47 27 27  8] [27 16 52 52  9  9] [18 29 29 50 27 27] [29 52 52 50 18 18] [52 52 29 47 48 48]]
[ "2A" [31  5  3 23 31 31] [23 23  3 36 36 50] [37  5 23 31 31 31] [ 3  3 36 23 23 37] [36 37  8 50 23 23]]
[ "2B" [ 8 43 34 33 33 34] [35 34 48 48 21 21] [16 36 35 36 48 48] [21 16 16 48 36 36] [43 16 48 21 36 36]]
[ "2C" [10 37 35 35 30 51] [24 30 51 29 35 11] [ 7  7 37 37 51 51] [11 11 29 14 14 30] [14 35 10 11 35 37]]
[ "2D" [26 26 41 41 17 17] [ 2 26 17 49 28 43] [17 28 41 41 28 28] [28  2 17 49  9  9] [49 49 17 17  2  2]]
[ "3A" [32 6  31  8  5  5] [32 31 44 44 30 30] [45 31 30 30  7  7] [45 45 30 30 32 44] [30 31  6  6 30 45]]
[ "3B" [12 12 14 14 40 40] [ 9  9 12 47 40 41] [12 12 16 15 14 14] [48 48 40 41 16 16] [ 8 41 12 41 15 15]]
[ "3C" [39 39 25 25 42 42] [42 29 14 39 46 46] [39 39 46 46 29 29] [24 25 42 19 39 29] [46 46 19 25 39 39]]
[ "3D" [38 38 21 21 22 22] [49 49 38 38 53 53] [53 26 21 53 21 22] [ 8 26 26 43 38 38] [33 33 38 38 43 21]]